2018.01.28 (028) 13:00:00 100 3.050 3.810 1.261    ---    --- 242.342 164.076 110.000 63.070 3.820    --- 4.381 254.991 72.416 2.746
2018.01.28 (028) 13:15:00 100 3.425 3.810 1.483    ---    --- 228.305 164.076 110.000 53.390 2.820    --- 4.658 249.533 72.851 2.723
2018.01.28 (028) 13:30:00 100 3.688 3.810 1.687    ---    --- 209.733 164.076 110.000 52.760 1.550    --- 4.932 244.756 73.512 2.697
2018.01.28 (028) 13:45:00 100 3.738 3.810 1.755    ---    --- 203.391 164.076 101.546 56.580 1.940    --- 5.200 240.828 74.378 2.669
2018.01.28 (028) 14:00:00 100 4.088 2.385 1.905 1.825 122.500 219.079 153.617 109.217 73.650 1.910    --- 5.456 237.747 75.419 2.640
2018.01.28 (028) 14:15:00 100 4.088 2.385 1.905    ---    --- 219.079 153.617 109.217    ---    ---    --- 5.700 235.430 76.595 2.609
2018.01.28 (028) 14:30:00 100 4.387 2.385 2.280 2.550 115.000 198.395 153.617 104.527 60.070 1.820    --- 5.928 233.782 77.862 2.578
2018.01.28 (028) 14:45:00 100 4.088 2.385 2.430 2.075 120.000 186.204 153.617 106.505 65.220 1.620    --- 6.139 232.719 79.174 2.546
2018.01.28 (028) 15:00:00 100 4.082 2.385 2.305 2.175 121.250 199.887 153.617 105.044 84.920 1.520    --- 6.335 232.173 80.484 2.516
2018.01.28 (028) 15:15:00 100 4.225 1.975 2.380    ---    --- 187.468 154.779 105.861 68.850 1.460    --- 6.514 232.084 81.752 2.486
2018.01.28 (028) 15:30:00 100 4.163 3.360 2.455    ---    --- 196.444 148.344 105.292 92.650 1.810    --- 6.678 232.396 82.940 2.458
2018.01.28 (028) 15:45:00 100 4.438 3.535 2.505    ---    --- 182.607 155.784 105.310 54.840 1.350    --- 6.828 233.052 84.018 2.432
2018.01.28 (028) 16:00:00 100 4.031 2.601 2.505 2.475 119.167 185.298 138.011 104.282 88.990 1.630    --- 6.963 233.993 84.959 2.409
