2018.01.28 (028) 13:00:00 100 3.300 2.385 0.424    ---    --- 296.700 153.617 110.000 71.100 6.000    --- 3.106 286.615 73.807 2.923
2018.01.28 (028) 13:05:00 100 3.200 2.385 0.449    ---    --- 266.900 153.617 110.000 49.000 3.130    --- 3.174 285.445 73.491 2.926
2018.01.28 (028) 13:10:00 100 3.250 2.385 0.479    ---    --- 268.300 153.617 110.000 50.900 3.180    --- 3.247 284.178 73.185 2.928
2018.01.28 (028) 13:15:00 100 3.100 2.385 0.514    ---    --- 253.200 153.617 110.000 40.000 2.660    --- 3.323 282.815 72.891 2.930
2018.01.28 (028) 13:20:00 100 3.200 2.385 0.553    ---    --- 264.400 153.617 110.000 51.100 3.240    --- 3.402 281.359 72.611 2.931
2018.01.28 (028) 13:25:00 100 3.200 2.385 0.597    ---    --- 268.500 153.617 110.000 52.200 3.050    --- 3.484 279.814 72.346 2.932
2018.01.28 (028) 13:30:00 100 3.200 2.385 0.646    ---    --- 258.000 153.617 110.000 47.200 2.370    --- 3.569 278.184 72.097 2.932
2018.01.28 (028) 13:35:00 100 3.150 2.385 0.701    ---    --- 253.200 153.617 110.000 47.700 2.550    --- 3.656 276.472 71.866 2.932
2018.01.28 (028) 13:40:00 100 3.250 2.385 0.760    ---    --- 266.500 153.617 110.000 58.300 3.720    --- 3.746 274.685 71.654 2.931
2018.01.28 (028) 13:45:00 100 3.250 2.385 0.824    ---    --- 257.300 153.617 110.000 55.900 2.420    --- 3.837 272.828 71.462 2.929
2018.01.28 (028) 13:50:00 100 3.300 2.385 0.893    ---    --- 258.600 153.617 110.000 57.800 3.500    --- 3.931 270.907 71.292 2.927
2018.01.28 (028) 13:55:00 100 3.250 2.385 0.966    ---    --- 241.200 153.617 110.000 48.700 1.610    --- 4.026 268.931 71.144 2.925
2018.01.28 (028) 14:00:00 100 3.450 2.385 1.042    ---    --- 238.700 153.617 110.000 51.000 1.870    --- 4.122 266.912 71.020 2.922
2018.01.28 (028) 14:05:00 100 3.500 2.385 1.122    ---    --- 230.600 153.617 110.000 51.300 2.060    --- 4.218 264.863 70.921 2.918
2018.01.28 (028) 14:10:00 100 3.650 2.385 1.203    ---    --- 237.600 153.617 110.000 60.600 2.390    --- 4.316 262.801 70.847 2.914
2018.01.28 (028) 14:15:00 100 3.700 2.385 1.285    ---    --- 227.700 153.617 110.000 54.000 1.920    --- 4.414 260.745 70.799 2.910
2018.01.28 (028) 14:20:00 100 3.750 2.385 1.367    ---    --- 222.700 153.617 110.000 57.300 1.740    --- 4.512 258.715 70.778 2.905
2018.01.28 (028) 14:25:00 100 3.900 2.385 1.448    ---    --- 222.400 153.617 110.000 62.600 1.360    --- 4.609 256.730 70.784 2.899
2018.01.28 (028) 14:30:00 100 4.025 2.385 1.527    ---    --- 219.900 153.617 110.000 44.000 1.160    --- 4.707 254.811 70.817 2.893
2018.01.28 (028) 14:35:00 100 4.125 2.385 1.603    ---    --- 220.200 153.617 110.000 46.900 1.830    --- 4.804 252.971 70.877 2.887
2018.01.28 (028) 14:40:00 100 4.275 2.385 1.710 1.700 160.000 236.900 153.617 110.000 67.000 3.010    --- 4.900 251.222 70.965 2.880
2018.01.28 (028) 14:45:00 100 4.275 2.385 1.810 1.800 155.000 213.600 153.617 112.900 47.400 1.530    --- 4.996 249.574 71.081 2.873
2018.01.28 (028) 14:50:00 100 4.325 2.385 1.860 1.850 150.000 211.700 153.617 115.400 48.100 1.540    --- 5.090 248.029 71.223 2.865
2018.01.28 (028) 14:55:00 100 4.375 2.385 1.960 1.950 155.000 214.100 153.617 114.600 54.600 1.630    --- 5.183 246.589 71.391 2.857
2018.01.28 (028) 15:00:00 100 4.350 2.385 2.010 2.000 150.000 203.000 153.617 110.400 59.600 1.120    --- 5.275 245.253 71.585 2.848
2018.01.28 (028) 15:05:00 100 4.350 2.385 2.060 2.050 165.000 202.800 153.617 112.200 60.600 1.210    --- 5.366 244.020 71.804 2.839
2018.01.28 (028) 15:10:00 100 4.350 1.975 2.060 2.050 150.000 201.000 154.779 110.900 60.500 1.110    --- 5.455 242.884 72.047 2.830
2018.01.28 (028) 15:15:00 100 4.475 1.975 2.160 2.150 150.000 203.500 154.779 114.900 53.600 1.000    --- 5.542 241.843 72.313 2.820
2018.01.28 (028) 15:20:00 100 4.550 1.975 2.210 2.200 150.000 201.300 154.779 112.600 59.500 1.320    --- 5.628 240.893 72.600 2.810
2018.01.28 (028) 15:25:00 100 4.550 3.360 2.150    ---    --- 195.000 148.344 110.000 55.700 1.060    --- 5.713 240.029 72.907 2.800
2018.01.28 (028) 15:30:00 100 4.450 3.360 2.210 2.250 165.000 192.800 148.344 116.700 52.200 1.000    --- 5.795 239.248 73.233 2.789
2018.01.28 (028) 15:35:00 100 4.375 3.360 2.410 2.400 135.000 185.000 148.344 114.600 52.000 1.010    --- 5.876 238.546 73.576 2.778
2018.01.28 (028) 15:40:00 100 4.313 3.535 2.300    ---    --- 194.300 155.784 110.000 55.700 1.000    --- 5.955 237.920 73.935 2.767
2018.01.28 (028) 15:45:00 100 4.375 3.535 2.110 2.100 120.000 191.300 155.784 107.600 62.400 1.080    --- 6.032 237.368 74.307 2.756
2018.01.28 (028) 15:50:00 100 4.325 3.535 2.410 2.400 125.000 185.400 155.784 116.600 52.800 1.210    --- 6.108 236.885 74.691 2.744
2018.01.28 (028) 15:55:00 100 4.075 2.601 2.360 2.350 120.000 177.200 138.011 115.300 49.600 1.000    --- 6.182 236.470 75.085 2.733
