2018.01.28 (028) 13:00:00 100 4.550    --- 1.613    ---    --- 216.386    --- 110.000 45.910 2.440    --- 5.250 246.378 70.460 3.112
2018.01.28 (028) 13:15:00 100 4.575    --- 1.851    ---    --- 213.853    --- 110.000 44.160 2.310    --- 5.573 240.969 70.384 3.097
2018.01.28 (028) 13:30:00 100 4.800    --- 2.049    ---    --- 216.011    --- 110.000 40.070 1.580    --- 5.881 236.500 70.555 3.075
2018.01.28 (028) 13:45:00 100 4.863    --- 2.305    ---    --- 197.666    --- 106.017 40.750 1.630    --- 6.167 232.913 70.972 3.049
2018.01.28 (028) 14:00:00 100 4.781 2.660 2.280    ---    --- 210.826 142.088 106.261 71.230 2.180    --- 6.429 230.119 71.617 3.018
2018.01.28 (028) 14:15:00 100 4.863 3.426 2.505 2.425 110.000 205.942 161.093 105.885 59.660 2.510    --- 6.666 228.057 72.466 2.982
2018.01.28 (028) 14:30:00 100 4.975 3.426 2.430    ---    --- 190.726 161.093 93.353 82.640 1.660    --- 6.878 226.690 73.482 2.942
2018.01.28 (028) 14:45:00 100 5.050 3.426 2.505 2.400 121.250 203.579 161.093 103.417 65.510 1.510    --- 7.066 225.992 74.625 2.899
2018.01.28 (028) 15:00:00 100 5.103 3.810 2.580    ---    --- 206.067 164.076 103.835 71.560 1.480    --- 7.234 225.940 75.850 2.853
2018.01.28 (028) 15:15:00 100 4.875 2.385 2.705    ---    --- 168.132 153.617 99.552 61.360 1.920    --- 7.385 226.501 77.108 2.804
2018.01.28 (028) 15:30:00 100 4.938 3.985 2.780 2.725 130.000 206.646 162.783 103.507 74.750 2.120    --- 7.521 227.628 78.355 2.755
2018.01.28 (028) 15:45:00 100 5.238 3.985 3.005 2.800 114.167 204.848 161.764 106.422 73.510 1.520    --- 7.644 229.264 79.547 2.705
2018.01.28 (028) 16:00:00 100 5.313 4.035 3.030 2.775 107.500 201.016 162.101 106.976 59.000 1.920    --- 7.755 231.330 80.647 2.655
