2018.01.28 (028) 13:00:00 100 3.375 3.810 0.391    ---    --- 214.891 164.076 110.000    ---    ---    --- 2.724 288.013 77.996 2.938
2018.01.28 (028) 13:15:00 100 3.150 3.810 0.391    ---    --- 270.913 164.076 110.000 54.700 5.580    --- 2.823 287.058 77.065 2.967
2018.01.28 (028) 13:30:00 100 3.200 3.810 0.391    ---    --- 268.732 164.076 110.000 51.480 5.540    --- 2.971 285.681 76.050 2.992
2018.01.28 (028) 13:45:00 100 3.125 3.810 0.391    ---    --- 290.436 164.076 110.000 64.760 5.060    --- 3.165 283.874 74.993 3.014
2018.01.28 (028) 14:00:00 100 3.225 3.810 0.445    ---    --- 295.498 164.076 110.000 59.440 3.880    --- 3.400 280.831 73.941 3.031
2018.01.28 (028) 14:15:00 100 3.250 3.810 0.555    ---    --- 293.008 164.076 110.000 59.690 5.580    --- 3.671 276.874 72.943 3.043
2018.01.28 (028) 14:30:00 100 3.100 3.810 0.716    ---    --- 269.173 164.076 110.000 51.330 5.710    --- 3.967 272.167 72.049 3.050
2018.01.28 (028) 14:45:00 100 3.225 3.810 0.929    ---    --- 277.556 164.076 110.000 74.920 4.270    --- 4.281 266.826 71.302 3.052
2018.01.28 (028) 15:00:00 100 3.350 3.810 1.182    ---    --- 234.238 164.076 110.000 60.920 2.290    --- 4.602 261.073 70.743 3.048
2018.01.28 (028) 15:15:00 100 3.863 1.975 1.449    ---    --- 219.611 154.779 110.000 65.620 1.610    --- 4.922 255.334 70.403 3.039
2018.01.28 (028) 15:30:00 100 4.175 3.985 1.930    ---    --- 202.203 162.783 110.000 47.770 1.900    --- 5.234 250.127 70.303 3.025
2018.01.28 (028) 15:45:00 100 4.375 3.985 2.155    ---    --- 215.665 161.764 109.138 59.540 4.270    --- 5.533 245.756 70.452 3.005
2018.01.28 (028) 16:00:00 100 4.488 2.601 1.980    ---    --- 206.406 138.011 109.044 73.770 1.800    --- 5.815 242.251 70.846 2.981
